香港:167,205,206,207,208,209,210,211,212,372,373,14883,14884,14885,14888,14976,15010,15011,15012,15013,15089,15090,15091,15092,15093,15094,15095,15096,18184,18227,18264,18311,18345,24367,24368,24369,24370,24371,24372,24395,24396,28637,28638,28639,28640,29098,29099,29391,29392,29393,29398,29478,29479,29584,29585,29586,77017,77028,77030,77031,77231,79114,79115,79116,79259,79377,79378,79379,79553,79588,79669,79670,79671,79672,79673,79674,79675,80386,80387,80402,80403,80404,80611,80854,81011,81130,81767,83032,83033,83849,83896,87637,95226,95246,95308,95318,95319,95785,95786,95787,95794,95806,95815,95816,96866,96896,96897,99308,99309,99333,99334,99335,99336,99337,99424,99425,99437,99477,99485,99486,99517
澳门:18224,18225,18226,87615
首尔:113
台北:199,840
新加坡:14955,18265,77018,95365
曼谷:10
东京:7,116,190,191,192,198,374,381,382,385,390,402,406,407,418,419,423,427,433,435,441,442,446,448,18087,18118,18127,18129,18134,18136,18143,18164,18306,18433,18449,21574,21575,24434,24436,26927,26943,28474,28545,28645,28844,28845,29041,29042,29115,29116,29270,29322,29406,29521,29528,77131,77390,79017,79030,79031,79033,79052,79263,79396,79470,79473,79593,79600,79679,79680,80150,80248,80360,80392,80396,80401,80527,80544,80552,80563,80569,80668,80758,80808,80809,80811,80865,80887,81061,81069,81074,81076,81115,83861,95212,95747,99330,99354,99358,99369,99386,99442,99445
釜山:18,26,30,31,28769,99505
济州岛:977
清迈:21,32,26831,28364,78880,79009,80250,80251,83290,87067
大阪:184,391,392,395,452,455,457,460,18096,18105,18110,18111,18112,18144,18431,21401,26891,26950,26951,26955,27262,27297,27298,27299,27300,28487,28488,28489,28490,28776,28784,29005,29416,29509,29573,76874,76993,79037,79482,79685,79840,80325,80382,80385,81008,81065,87641,99326,99359,99370,99507
高雄:853,854
纽约:6066,6151,6160,6245,6263,6264,6278,6279,6390,6418,6436,6438,6439,6441,6442,6444,6448,6449,6464,6556,6560,6584,6585,6586,6590,6593,6596,6617,6712,6768,6812,6817,6884,6889,6890,6892,6893,6895,6897,6940,6953,6954,6955,6959,6961,6962,6965,7039,7050,7051,7111,7137,7139,7140,7164,7173,7174,7186,7187,7264,7279,7280,7281,7282,7283,7284,7285,7286,7287,7288,7289,7337,7339,7340,7359,7360,7361,7362,7363,7364,7365,7366,7367,7368,7369,7430,7431,7432,7438,7439,7440,7441,7442,7443,7444,7445,7446,9802,9807,9808,9832,9913,9914,9924,9937,9960,10077,10078,10112,10113,10134,10153,10157,10232,10241,10242,10246,10247,10248,10251,10252,10256,10429,10487,10514,10641,10652,10741,10809,10813,10905,10907,10908,10909,10911,10952,10957,10987,11011,11057,11058,11062,11063,11115,11151,11152,11156,11159,11208,11209,11210,11211,11212,11213,11216,11217,11218,11219,11278,11288,11289,11290,11291,11292,11295,11296,11299,11300,11301,11303,11304,11333,11334,11376,11377,11457,11458,11462,11463,11480,11485,11486,11503,11504,11505,11506,11518,11534,11564,11565,11566,11610,11624,11641,11642,11643,11644,11645,11807,11814,11819,11840,11916,11920,11947,11971,11992,12005,12008,12009,12288,12289,12290,12291,12292,12299,12415,12416,12483,12486,12488,12493,12636,12641,12642,12658,12659,12687,12696,12778,12779,12780,12781,12784,12785,12786,12852,12853,12854,12855,12856,12935,12939,12952,12996,12997,13010,13016,13017,13018,13032,13036,13037,13045,13185,13187,13204,13206,13213,13317,13348,13377,13378,13379,13388,13427,13428,13429,13430,13431,13439,13538,13539,13540,13541,13610,13611,13612,13613,13869,13880,13887,13942,13967,13978,14077,14089,14099,14100,14106,14119,14120,14121,14269,14270,14280,14284,14297,14308,14326,14350,14364,14469,14470,14471,14698,14755,14805,14830,14831,14862,15234,15236,15238,15244,15245,15247,15261,15264,15267,15268,15269,15416,15434,15470,15476,15481,15526,15626,15627,15628,15629,15630,15631,15632,15636,15639,15640,15641,15665,15666,15667,15668,15669,15670,15676,15807,15809,15811,15813,15818,15829,15830,15831,15832,15833,15834,15835,15836,15837,15841,15883,15884,15892,15893,15894,15895,15896,15897,15898,15899,15902,15903,15905,15906,15907,15908,15909,15910,15911,15912,15913,15914,15915,15917,15918,15919,15920,15921,15922,15923,15926,15928,15929,15930,15931,15932,15933,15937,15938,15939,15943,15944,15945,16061,16145,16146,16147,16148,16149,16150,16151,16152,16153,16154,16155,16156,16157,16158,16159,16160,16161,16162,16163,16164,16165,16166,16167,16168,16169,16170,16171,16172,16173,16174,16175,16176,16177,16178,16300,16301,16302,16341,16342,16343,16354,16355,16356,16357,16368,16369,16370,16375,16376,16385,16386,16387,16389,16390,16391,16408,16409,16411,16412,16413,16414,16415,16416,16417,16418,16419,16420,16421,16422,16423,16424,16425,16492,16493,16494,16497,16498,16502,16508,16509,16510,16511,16513,16514,16515,16516,16517,16518,16519,16520,16521,16522,16523,16524,17049,17062,17063,17064,17065,17075,17076,17077,17078,17079,17080,17170,17171,17172,17173,17174,17175,17176,17186,17254,17322,17323,17325,17326,17327,17329,17331,17332,17333,17335,17336,17337,17338,17339,17340,17341,17342,17343,17344,17347,17348,17349,17350,17351,17352,17353,17355,17356,17357,17359,17360,17363,17364,17365,17368,17369,17370,17371,17388,17494,17495,17496,17497,17498,17499,17500,17501,17502,17503,17504,17505,17507,17508,17509,17662,17758,17759,17822,21240,21245,21260,21275,23151,23211,23244,23253,26223,26797,26798,26799,26800,26801,26804,27348,27373,27547,27548,27549,27550,27551,27552,27553,27554,27555,27556,27557,27558,27559,27560,27636,27637,27638,27642,27643,27644,27645,27646,27647,27648,27651,27652,27807,27895,27967,27968,27969,27970,27971,27972,27973,30623,32712,32767,32869,32879,32885,32898,32965,33018,33058,33060,33065,33070,33083,33161,33191,33267,33297,33302,33343,33430,33444,33471,33524,33571,33665,33670,33685,33686,33708,33709,33710,33711,33726,33727,33728,33729,33730,33731,33735,33786,33945,33954,33964,34025,34026,34027,34028,34029,34053,34054,34055,34056,34251,34297,34302,34375,34378,34403,34476,34477,34500,34511,34525,34550,34568,34571,34572,34573,34588,34590,34652,34757,34758,34759,34760,34761,34762,34946,34947,34948,34949,34950,34951,35030,35091,35103,35173,35244,35245,35246,35261,35284,35317,35416,35420,35440,35457,35464,35465,35523,35545,35553,35589,35593,35609,35670,35723,35743,35754,35807,35818,36044,36045,36046,36047,36048,36049,36050,36051,36052,36211,36213,36312,36317,36329,36412,36588,36703,36765,36830,36853,36879,36881,37046,37047,37048,37049,37050,37051,37052,37053,37054,37055,37057,37058,37059,37060,37061,37062,37078,37083,37124,37179,37209,37297,37301,37375,37461,37462,37463,37464,37465,37466,37467,37468,37469,37470,37471,37472,37473,37475,37476,37477,37478,37479,37480,37481,37482,37483,37484,37485,37486,37487,37488,37493,37494,37500,37501,37502,37627,37629,37769,37770,37771,37772,37773,37774,37775,37776,37779,37781,37782,37783,37802,37845,37846,37850,37851,37852,37887,37959,37990,38006,38095,38143,38144,38145,38149,38151,38340,38385,38407,38417,38423,38424,38425,38427,38428,38430,38433,38435,38438,38462,38490,38491,38641,38643,38646,38666,38667,38668,38669,38670,38671,38672,38673,38674,38675,38676,38764,38765,38766,38912,38913,39016,39017,39021,39022,39023,39024,39025,39031,39032,39053,39183,39184,39197,39198,39437,39438,39439,39488,39489,39491,39502,39521,39523,39527,39528,39530,39541,39596,39597,39639,39640,39652,39715,39716,39728,39729,39756,39760,39761,39763,39765,39768,39795,39807,39849,39850,39851,39955,39966,39991,39993,39994,40007,40008,40020,40021,40026,40027,40028,40033,40034,40035,40036,40037,40038,40104,40113,40114,40115,40117,40118,40119,40120,40121,40122,40123,40138,40139,40140,40141,40142,40143,40144,40145,40146,40154,40162,40163,40181,40188,40203,40208,40214,40215,40222,40225,40240,40251,40252,40253,40256,40292,40293,40294,40302,40305,40306,40307,40314,40315,40316,40318,40319,40320,40334,40335,40343,40363,40379,40561,40586,40787,40792,40806,40809,40824,40827,40828,40829,40846,40899,40924,40925,40992,40995,40996,40997,40998,41000,41001,41002,41004,41005,41007,41008,41009,41012,41014,41015,41016,41124,41125,41127,41128,41129,41131,41132,41134,41135,41137,41231,41232,41233,41234,41372,41374,41375,41376,41377,41378,41380,41381,41382,41383,41384,41385,41386,41387,41388,41475,41476,41477,76064,76068,76109,76143,76226,76247,76248,76364,76365,76444,76464,76466,76467,76471,76473,76477,76479,76482,76509,76729,77489,77490,77543,77635,77636,77637,77639,81202,81258,81283,81381,81421,81473,81577,81765,81913,81927,81950,82147,82153,82155,82200,82323,82333,82334,82590,82611,82612,82663,82666,82712,82713,82714,82715,82716,82717,82718,82719,82720,82721,82722,82909,83049,83050,83051,83212,83213,83214,83215,83216,83217,83278,83279,83280,83281,83282,83283,83284,83285,83340,83342,83345,83364,83421,83422,83440,83441,83453,83454,83783,83784,87677,87678,87691,87728,87759,89654,94232,94362,94455,94456,94457,95849,95923,95982,95991,96001,96153,96192,96193,96198,96222,96229,96316,96383,96455,96475,96476,96538,96586,96612,96631,96650,96653,96690,96691,96692,98195,98216,98222,98322,98378,98406,98454,
吉隆坡:85,18341,26914,29190,80440,83876,
巴厘岛:18256,21518,21539,21540,77052,77132,77171,78859,78915,80295,80357,81084,81091,81092,87190,87201,95242,95248,
京都:119,454,18138,26948,26949,27296,28527,28644,28778,28998,29060,29331,77389,79089,80240,80380,80399,80514,80526,80609,81116,87616,95381,95394,96916,99327,99353,99361,99447,
垦丁:855,
芭堤雅:26848,
花莲:81362,
沙巴:104,15065,28403,29214,29220,29222,29243,79570,80573,83873,96900,99316,99349,
雅加达:17976,
北海道:175,430,18103,18122,18124,18126,18135,18150,18375,18391,26941,28514,28849,28986,28987,28988,28990,28999,29014,29020,29029,29038,29163,29565,29566,29568,77380,79290,79464,79466,79467,79468,79469,79487,80149,80362,80389,80400,80545,80882,81009,81117,81120,82446,82802,83846,87644,87645,91748,95211,95310,96872,96881,96885,96937,99332,99357,99367,99368,99446,99461,99478,99508,
台中:829
阿姆斯特朗:7834
巴黎:43113
洛杉矶:6073
伦敦:2079
釜山:860861
台南:833
罗马:2485
雅典:3556
巴塞罗那:4570
慕尼黑:5050